14 5597 50 10 2514 184.985 -63.5932 448.837 154.996 116.262 176.602 115 107 175 5.26894 4.3833 4.69558 0.226482 2.1033 1.63588 1.63588 6105.16 56697.6 44097.6 0.751108 3.21433 2.63776 1.04925 5.89004 4.24515 0.452964 1.43351 1.58932 2 11 4
18 5694 8 0 450 130.557 -96.7027 186.68 193.076 97.0342 185.425 114 98 151 6.30442 5.44769 6.54829 2.67179 0.359582 3.58838 3.58838 72022.3 9693.07 96730.3 2.42044 0.386703 2.72627 3.28456 0.612042 3.69312 0.775177 0.215607 1.11116 7 4 8
54 5361 5 0 297 99.9697 109.792 221.546 66.9168 207.139 135.022 59 119 213 4.83955 6.44514 4.1686 1.769 0.32112 1.48764 1.48764 47686.1 8656.27 40101.7 2.87937 0.453131 1.38016 5.30412 0.642239 1.68731 1.15142 0.264023 1.00681 4 2 9
164 5419 105 2 5259 138.603 -6.99757 655.168 149.121 176.692 86.7539 140 155 73 4.41527 4.56873 4.10977 2.86161 0.189035 1.75683 1.75683 77139.2 5095.72 47358.1 3.28187 0.189035 2.18761 8.41078 0.189035 2.79415 1.05796 0.189035 1.60029 12 1 8
178 5581 15 1 785 147.987 109.638 622.485 177.34 126.598 190.796 123 94 132 5.26732 4.67017 4.90614 2.81507 0.578153 3.6188 3.6188 75884.5 15585 97550.2 2.51618 1.32574 3.33358 3.09569 3.10243 3.89783 1.13717 0.296653 1.00229 5 3 8
192 5501 11 0 558 226.423 103.491 318.773 149.772 138.113 197.019 146 88 250 4.81101 5.2908 4.3469 2.8554 0.23586 1.20736 1.20736 76971.6 6357.96 32546.2 3.52131 0.147259 1.25485 5.20647 0.23586 1.37646 2.50206 0.0173998 1.08148 3 13 12
195 5328 12 0 630 90.5626 27.4762 319.627 138.55 162.462 191.031 48 102 86 5.59087 3.50046 4.11926 0.115933 1.1361 0.699479 0.699479 3125.15 30625.2 18855.5 0.115933 1.1361 0.699479 0.115933 1.1361 0.699479 0.115933 1.1361 0.699479 1 1 1
225 5506 3 2 163 148.934 -44.2773 633.837 173.069 208.069 167.533 123 199 140 5.56193 4.3933 4.73239 0.908268 1.07462 4.94028 4.94028 24483.8 28967.9 133173 0.453712 2.19023 3.16018 0.908268 2.23122 5.51346 0.214465 2.14923 1.31326 3 2 10
251 5384 186 1 9330 114.307 10.6863 425.023 137.604 155.739 184.767 120 192 176 4.95666 3.89141 4.22538 0.289415 3.46092 3.80986 3.80986 7801.62 93294.4 102701 0.289415 2.89831 3.07061 0.289415 4.58639 4.62958 0.289415 0.630567 1.34867 1 11 11
318 5191 97 10 4891 232.296 30.0037 224.53 180.361 125.628 134.873 87 91 62 4.34906 3.5802 3.62499 0.326146 7.23214 10.5099 10.5099 8791.77 194953 283310 0.80335 3.02168 8.11561 0.954407 7.23214 11.3831 0.652293 0.624275 2.236 2 3 4
323 5385 23 1 1171 195.242 90.4969 75.0064 172.987 173.278 182.804 128 117 148 5.62597 5.34382 4.84385 2.02982 6.51634 3.64617 3.64617 54716.8 175658 98288 1.99038 5.62794 3.36896 2.70678 9.16889 4.02912 0.916675 2.22211 0.697555 7 6 10
364 5419 123 2 6194 197.302 -93.7321 104.378 150.732 191.887 177.253 84 181 171 4.57881 4.08354 4.08979 0.267324 5.44929 4.4028 4.4028 7206.13 146894 118684 0.666552 3.10999 2.95122 0.798456 7.14772 4.4028 0.534649 0.40587 1.76255 2 6 3
374 5767 167 2 8400 145.638 -30.3406 162.252 162.326 109.494 189.353 159 52 157 4.15894 5.22831 3.98273 0.656754 0.123214 3.5237 3.5237 17703.8 3321.43 94986.7 0.656754 0.331941 4.18441 0.6567540.635965 7.18728 0.656754 0.101182 0.772507 1 4 13
388 5151 75 0 3789 215.346 6.91588 81.3461 84.2789 182.546 199.737 40 134 178 7.85885 5.6814 4.96962 1.0873 1.5591 3.07914 3.07914 29309.9 42027.9 83002.9 1.0873 1.59461 3.20124 1.0873 2.75549 4.1995 1.0873 0.365222 2.68897 1 6 11
417 5281 54 2 2707 104.794 -64.492 437.683 161.896 203.229 213.933 164 85 234 3.77107 4.32118 3.66829 6.52577 5.03824 4.83805 5.03824 175912 135813 130417 4.84842 2.20088 4.83805 11.0572 5.03824 4.83805 1.71546 0.0996825 4.83805 10 11 1
446 5918 41 2 2067 91.5502 102.117 607.477 183.636 182.099 187.629 190 66 158 4.05441 4.0081 3.77384 1.96727 0.296269 4.42771 4.42771 53030.7 7986.38 119356 1.96727 0.596644 4.18336 1.96727 0.60075 4.78844 1.96727 0.592538 2.36109 1 2 7
474 5478 7 0 386 106.014 48.9561 428.802 34.5206 28.775 183.824 42 31 178 4.57858 4.74725 5.41864 1.52354 0.379945 1.77283 1.77283 41069.3 10242 47789.2 1.92642 0.809981 2.02314 4.25781 1.48526 2.38374 0.495524 0.379945 1.30186 13 9 10
480 5643 54 2 2712 148.316 57.9913 510.786 129.763 138.732 193.873 107 156 248 4.34512 4.13751 3.82495 3.58022 1.86587 10.2892 10.2892 96510.2 50297.5 277360 3.34089 2.80249 5.43817 5.31191 7.8047 10.2892 0.273964 1.04071 2.55536 15 14 9
503 5906 18 2 945 239.929 62.9973 531.666 110.635 117.295 205.358 136 156 166 4.81746 4.43698 6.23075 0.0144962 0.413721 3.64466 3.64466 390.767 11152.5 98247.4 0.0304939 0.413721 3.52503 0.0319954 0.413721 4.19913 0.0289924 0.413721 2.36989 2 1 7
575 5561 62 0 3146 140.419 -40.5794 342.568 183.59 48.1349 49.6893 117 61 61 4.8648 3.86777 3.92824 0.393315 1.05942 1.38664 1.38664 10602.4 28558.4 37379.1 0.246135 1.05942 1.83986 0.393315 1.05942 3.67275 0.0362587 1.05942 1.00161 3 1 5
599 5527 83 0 4153 119.65 69.8922 414.609 164.499 157.529 174.217 77 57 106 4.32418 4.80447 3.90637 4.0089 1.9705 5.14297 5.14297 108066 53117.8 138636 3.22431 2.6177 5.48463 4.0089 7.26656 8.42454 2.27928 0.979792 2.62209 3 9 10
665 5169 68 0 3429 232.228 83.0498 541.695 188.898 17.9493 198.842 102 35 117 3.95681 3.54638 3.8789 3.20367 1.57997 8.20681 8.20681 86359.7 42590.6 221227 3.2043 1.76005 9.41965 6.82596 4.48731 15.0984 0.414579 0.392727 4.9513 7 7 14
677 5204 95 1 4788 233.362 -99.3154 609.184 201.405 217.326 200.855 114 168 136 5.33588 4.68133 5.01431 0.181939 5.8053 0.480868 0.480868 4904.45 156491 12962.5 0.286895 5.53928 2.09115 0.363878 9.17445 3.22056 0.209912 1.22133 0.961736 2 12 2
687 5187 188 1 9430 145.824 -99.5905 295.475 115.434 166.793 192.102 95 206 131 4.22929 3.59747 4.33215 0.59024 5.00207 2.00632 2.00632 15910.8 134838 54083.5 0.833655 3.08703 2.96846 1.30545 6.17455 4.90545 0.550048 0.512554 0.919762 4 16 14
